version https://git-lfs.github.com/spec/v1
oid sha256:1668dda6c07a46bcaa0e408f55148c0b5e5edbeeb5619a51d69018669b34b514
size 43155
